,1526 mz 73,1932 mz 73,2028 mw 462,2070 mw 408,2098 mz 57,2280 mz 204,2332 mz 71,2348 mz 230,2497 mz 204,2882 mw 658,3012 mw 530,3073 nonacosan-10-ol,33.3989 min MOSS-10,aC16:0,aC18:0,aC18:2,aC18:3,aC20:4,aC24:0,allantoin (3TMS),a-tocopherol,campesterol,diethylcarbamate (1TMS),glucose (aP),myo-inositol,"myo-inositol-1,2-cyclic phosphate",nC22,nC23,phytol,"RI=1005.5,  11.9915 min MOSS-4","RI=1019.0,  12.1606 min MOSS-4","RI=1022.4,  12.2026 min MOSS-4","RI=1049.2,  12.5398 min MOSS-4","RI=1065.2,  12.7399 min MOSS-4","RI=1111.9,  13.3258 min MOSS-4","RI=1231.0,  14.8216 min MOSS-4","RI=1273.9,  15.3600 min MOSS-4","RI=1280.9,  15.4473 min MOSS-4","RI=1284.4,  15.4916 min MOSS-4","RI=1284.7,  15.4949 min MOSS-4","RI=1335.1,  16.1273 min MOSS-4","RI=1343.5,  16.2334 min MOSS-4","RI=1358.0,  16.4147 min MOSS-4","RI=1358.2,  16.4180 min MOSS-4","RI=1396.1,  16.8934 min MOSS-4","RI=1432.4,  17.3489 min MOSS-4","RI=1432.6,  17.3511 min MOSS-4","RI=1443.0,  17.4815 min MOSS-4","RI=1657.5,  20.1735 min MOSS-4","RI=1657.9,  20.1790 min MOSS-4","RI=1723.2,  20.9983 min MOSS-6","RI=1733.0,  21.1210 min MOSS-6","RI=1756.2,  21.4129 min MOSS-6","RI=1780.5,  21.7169 min MOSS-6","RI=1785.5,  21.7799 min MOSS-6","RI=1785.8,  21.7832 min MOSS-6","RI=1822.1,  22.2398 min MOSS-6","RI=1836.6,  22.4211 min MOSS-6","RI=1840.5,  22.4698 min MOSS-6","RI=2019.7,  23.9423 min MOSS-2-14","RI=2401.7,  29.5064 min MOSS-2-13","RI=2470.6,  30.3786 min MOSS-4","RI=2470.9,  30.3820 min MOSS-4","RI=2519.4,  30.9900 min MOSS-4","RI=2540.2,  31.2509 min MOSS-4","RI=2549.0,  31.3615 min MOSS-4","RI=2552.3,  31.4035 min MOSS-4","RI=2554.7,  31.4333 min MOSS-4","RI=2567.3,  31.5914 min MOSS-4","RI=2582.8,  31.8756 min MOSS-2-19","RI=2603.5,  32.0458 min MOSS-4","RI=2622.7,  32.2868 min MOSS-4","RI=2630.1,  32.3796 min MOSS-4","RI=2642.2,  32.5311 min MOSS-4","RI=2650.0,  32.7036 min MOSS-2-19","RI=2669.6,  32.8749 min MOSS-4","RI=2705.4,  33.3769 min MOSS-2-19","RI=2705.9,  33.3835 min MOSS-2-19","RI=2706.5,  33.3901 min MOSS-2-19","RI=697.3,   8.1231 min MOSS-2-23","RI=746.5,   8.7401 min MOSS-4","RI=767.1,   8.9987 min MOSS-2-23","RI=811.9,   9.5615 min MOSS-4","RI=835.7,   9.8600 min MOSS-4","RI=841.2,   9.9285 min MOSS-4","RI=874.6,  10.3487 min MOSS-2-15",S 2810,STD nC23,stigmasterol
1,,,,,0.0527,0.0436,0.0388,0.0465,,,,,1.64,0.912,0.38,,,,,,0.00761,,,1.48,0.124,,,10,0.0101,0.018,0.0623,0.0109,0.0332,0.0193,,0.0357,0.0477,0.0883,,,,0.0357,,0.105,,,,0.0508,0.276,,0.28,,0.0435,0.0919,,0.049,,0.0437,0.911,,0.184,,,,,,,,,,,,,,,,,,,,,,,,0.0218,1.58,,10,
2,,,0.00542,,,0.153,,0.0447,0.0215,0.047,0.0814,,3.23,0.748,0.421,0.025,0.0478,0.0306,,0.0183,0.0312,0.203,0.108,1.53,0.182,0.0559,,10,0.0301,0.0152,0.0697,0.00715,0.0318,0.0226,0.0355,0.0475,0.0571,0.0736,0.0174,,0.000921,0.0168,,0.125,0.00558,,,0.00607,0.692,,0.369,,0.0531,0.0998,,0.0388,0.00625,0.0262,0.924,,0.0889,,0.156,,,,0.0434,0.00313,,,,,,,0.0157,,,,,0.0053,,,0.00828,0.0143,0.0144,2.28,0.00429,10,0.342
3,,,0.0115,,,0.242,,0.0524,0.0267,0.0299,0.0674,,3.98,0.94,0.487,0.0119,0.0302,,,,0.0254,0.154,,2.24,0.307,0.0512,,10,0.0406,0.0223,0.202,,0.0469,0.06,,0.0867,0.2,0.314,,,0.00233,0.029,,0.246,,,,,0.573,,0.144,,0.0102,0.0505,,0.0704,,0.0381,1.39,,0.0958,,0.0412,,0.0789,,0.084,0.00674,0.03,,0.0372,,0.0724,,,0.0702,,,,0.00964,,,0.0116,,0.0199,2.89,0.0165,10,0.301
4,,,0.00434,,,0.134,,0.0249,0.0193,0.0316,0.0861,,2.8,0.664,0.373,0.0147,0.0321,,,0.0172,0.0166,0.119,0.134,0.618,0.204,0.0331,0.00356,10,0.0311,0.013,0.0653,0.00809,0.0236,0.0187,0.0252,0.0643,0.0544,0.0804,0.0195,0.0221,0.00523,0.0155,0.026,0.161,0.0103,0.018,0.0668,0.00966,0.418,0.0103,0.198,,0.0292,0.0543,,0.0367,0.0138,0.0178,0.354,,0.0924,0.0149,0.0837,0.0195,0.0184,0.0315,0.0454,0.00697,0.0245,,0.0223,0.0145,0.0196,0.0251,,0.0407,,,,0.00556,0.00934,,0.0074,0.0068,0.0184,1.89,0.0166,10,0.22
5,,,,,,0.131,,0.0228,0.00492,0.00776,0.0508,,2.25,0.738,0.4,,,,,,0.00684,0.0864,,0.71,0.217,,,10,0.0183,0.0159,0.132,0.0156,0.03,0.0314,,0.103,0.178,0.19,,,0.00164,0.0223,,0.251,,,,0.0817,0.285,,,,,0.0175,,0.0487,,0.0169,0.418,,0.0943,,0.0124,,,,0.0165,,,,,,,,,,,,,0.011,,,0.00821,,0.027,2.19,,10,0.137
6,,,0.0038,,,0.129,,0.0241,0.0135,0.0288,0.0766,,2.61,0.643,0.388,,0.0258,0.0157,,0.0193,0.018,0.14,,0.573,0.194,0.0351,,10,0.0287,0.0112,0.0536,0.00865,0.0222,0.0149,0.0263,0.0667,0.0505,0.0744,,0.0214,0.00104,0.0152,,0.169,0.0123,,,0.0681,0.435,,0.18,0.0226,0.0259,0.0492,0.0248,0.037,0.0166,0.0168,0.336,,0.0947,,0.101,,,,0.0275,0.00289,,,,,,,,,,,,0.00648,,,0.00539,0.00972,0.0206,1.95,0.0128,10,0.242
7,,,0.00482,,,0.248,,0.0425,0.033,0.0709,0.116,0.048,6.1,0.765,0.437,0.0272,0.0546,,0.00138,0.0432,0.0354,0.201,0.133,1.11,0.357,0.0328,0.00338,10,0.0362,0.017,0.138,0.0085,0.0486,0.0438,0.0496,0.11,0.0988,0.138,0.0397,0.0511,0.0023,0.0418,,0.309,0.0111,,,,0.691,,0.334,,0.048,0.0913,,0.0625,0.0351,0.0517,0.656,,0.0902,,0.148,,,,0.0692,0.00478,,,,,,,0.00489,,,,,0.00644,,,0.00768,0.0159,0.0191,2.98,0.00573,10,0.342
8,,,0.00273,,,0.154,,0.0438,0.0108,0.0193,0.0494,,2.97,0.881,0.438,,0.0197,,,,0.0153,0.091,0.149,0.852,0.2,0.0389,0.00603,10,0.0162,0.0237,0.132,0.0125,0.057,0.0423,,0.114,0.194,0.162,,,0.00122,0.0312,,0.336,,,,,0.329,,0.0877,,,0.0265,,0.0954,,0.0312,0.515,,0.0879,,0.011,,,,0.0283,,,,,,,,0.0962,,,,,0.00861,,,0.0108,,0.0251,1.92,,10,0.168
9,,,0.00551,,,0.212,,0.0418,0.0225,0.0221,0.0612,,4.65,0.913,0.447,,0.0109,,,,0.015,0.113,,1,0.324,0.0215,,10,0.018,0.0178,0.159,0.0103,0.0529,0.0501,,0.121,0.233,0.199,,,,0.0414,,0.359,,,,,0.356,,,,,0.0135,,0.0919,0.00882,0.0441,0.606,,0.0863,,0.0202,,,,0.0449,,,,,,,,,,,,,0.00788,,,0.00964,,0.021,2.21,,10,0.184
10,,0.0874,,,,0.269,,0.0454,0.0256,0.0272,0.0595,,5.17,0.714,0.356,0.0106,0.0206,0.012,,0.00506,0.0171,0.123,,4.43,0.404,0.0556,0.00469,10,0.0201,0.014,0.2,0.012,0.0372,0.0595,,0.137,0.239,0.234,,,0.00278,0.0354,,0.343,,,,,0.349,,0.0859,,,0.0294,,0.0336,0.0125,,2.71,,0.0867,,0.0278,,,,0.0432,,,,,,,,,,,,,0.00968,,,0.00849,,0.0218,2.6,0.00489,10,0.208
11,,,0.0114,,,0.18,,0.0432,,,0.0353,,4.5,0.757,0.318,,0.0408,,,,0.00975,0.106,,3.59,0.321,0.0219,,10,0.014,0.0139,0.206,0.015,0.0352,0.0556,,0.131,0.105,0.243,,,0.00829,0.0366,,0.309,,,,,0.383,,0.212,,0.0266,0.0632,,0.0283,0.0362,0.0438,2.27,,0.097,,0.0494,,,,0.0405,,,,,,0.0193,,,0.0285,,,,,,,,,0.0223,2.73,,10,
12,0.0123,,0.00496,,,0.228,,0.0466,0.0305,0.0616,0.0676,,6.91,0.627,0.328,0.0187,0.0385,0.0262,,0.0236,0.0314,0.214,,4.51,0.309,0.0577,,10,0.0279,0.0159,0.0643,0.0113,0.0411,0.0247,0.0284,0.106,0.0677,0.0662,0.023,,0.00278,0.0451,,0.25,0.0168,,,,0.612,,0.271,,0.076,0.0725,,,0.0313,,2.73,,0.0877,,0.111,,,,0.0611,0.00604,,,,,,,,,,,3.99,0.0103,,,0.00932,0.0148,0.0309,2.15,0.0215,10,0.337
13,,,,,,0.389,,0.0338,0.0746,0.0562,0.039,,13.8,0.699,0.327,,,,,0.00747,0.00966,0.0835,0.128,3.86,0.607,,,10,0.0141,0.0198,0.299,0.0106,0.137,0.107,0.00713,0.257,0.517,0.373,,,,0.191,,0.77,,,,,0.16,,,,,,,0.00856,0.0107,0.204,2.53,,0.0883,,0.0174,,,,0.136,,,,,,,,,,,,,0.0163,,0.00535,0.0121,0.00563,0.0234,3.57,0.0116,10,0.134
14,,,0.0132,,,0.732,,0.0517,0.0873,0.122,0.105,,13.8,0.95,0.489,0.0351,0.0653,0.0427,0.00109,0.144,0.0533,0.292,,2.91,1.03,0.104,,10,0.0526,0.0195,0.352,0.00774,0.0621,0.0976,0.233,0.272,0.184,0.255,,0.251,0.00106,0.0815,,0.654,0.00349,,,,1.06,,0.374,,0.0581,0.107,,0.0324,0.0575,0.117,1.67,,0.117,,0.303,,,,0.148,,,0.00683,,,,,0.0167,,1.67,1.99,8.32,0.00854,,,0.00988,0.0944,0.0185,6.41,0.0169,10,0.505
15,,,0.0107,0.0075,,0.445,,0.038,0.041,0.028,0.0416,,8.54,0.751,0.354,,,,,,0.0177,0.12,,1.87,0.65,0.0331,,10,0.0168,0.0186,0.394,,0.0525,0.116,,0.235,0.496,0.536,,,0.0014,0.0574,,0.588,,,,,0.303,,,0.0287,,0.0197,,0.0492,0.0237,0.0608,1.07,,0.0888,,0.0344,,,,0.0677,,,,,,,,,,,,,0.0123,,,0.0104,,0.028,4.7,0.00645,10,0.191
16,,,0.00797,,,0.12,,0.0294,,0.00644,0.0646,,1.68,1.23,0.464,,,,,,,,,1.37,0.126,,,10,0.00571,0.0446,0.135,0.0115,0.0339,0.0459,,0.0358,0.0981,0.157,,,,0.0234,,0.152,,,,,0.137,,,,,,,,,0.0141,0.86,0.00632,0.082,,,,,,0.0111,,,,,,,,0.0799,,,,,0.00882,,,0.0429,,0.0201,1.82,,10,
17,,,,,,0.326,,0.0287,0.0124,0.00909,0.0569,,2,1.23,0.541,,0.0208,,,,0.00376,,,1.47,0.273,,,10,0.0136,0.0271,0.303,,0.0246,0.0774,,0.102,0.204,0.402,,,,0.0284,,0.278,,,,,0.149,,,,,0.0148,,0.0185,0.00609,0.0254,0.831,,0.0847,,0.0131,,,,0.0226,,,,,,,,0.0169,,,,,0.00857,,,0.0232,,0.0211,5.65,,10,
18,,,,,,0.212,,0.0156,0.00902,0.0112,0.0517,,1.46,0.582,0.253,,0.0227,,,,0.00373,0.0332,,0.857,0.183,0.00899,,10,0.00938,0.0192,0.228,,0.0137,0.0555,,0.0674,0.128,0.279,,,,0.0199,,0.184,,,,,0.111,,0.049,,,0.0139,,0.00741,0.0103,,0.497,,0.084,,0.0189,,,,0.016,0.00216,,,,,,,,,,,,0.00499,,,0.0181,,0.011,4.07,0.0102,10,0.0578
19,,,,,,0.829,,0.0103,0.0857,0.0872,0.0795,,11.2,1.53,0.721,,,,,,,0.0902,,0.126,0.844,0.0165,,10,0.0314,0.0504,0.797,0.0112,0.112,0.205,,0.268,0.802,0.813,,,0.00298,0.151,,1.3,,,,,0.49,,,,,0.0246,,,0.0172,0.147,0.0864,,0.0848,,0.0491,,,,0.161,,,,,,,,0.0172,,,,,0.0382,,,0.0307,,0.0262,8.31,0.00871,10,0.134
20,,,,,,0.122,,0.0118,0.00875,0.0146,0.0875,,2.18,1.27,0.608,,,,,,0.0115,0.103,,0.0216,0.159,,,10,0.0181,0.0348,0.122,,0.038,0.0314,,0.0496,0.118,0.129,,,,0.0316,,0.228,,,,0.0246,0.21,,0.151,0.0081,,0.0419,,0.145,0.00561,0.032,0.00826,,0.0834,,0.0115,,,,0.0257,,,,,,,,,,,,,0.00731,,,0.0118,,0.0187,1.65,,10,0.164
21,,,,,,0.433,,,0.0299,0.0439,0.0584,,8.28,1.25,0.569,,,,,,0.0043,,,0.0908,0.554,,,10,0.0205,0.0408,0.442,0.00965,0.0848,0.0989,,0.131,0.417,0.494,,,,0.111,,0.739,,,,,0.146,,,,,,,,0.00855,0.0797,0.0593,,0.087,,0.015,,,,0.0836,,,,,,,,,,,,,0.0271,,,0.0157,,0.0228,4.16,,10,
22,,,,,,0.155,,0.0167,,,0.0498,,1.6,1.65,0.798,,,,,,,,,1.85,0.226,,,10,0.0166,0.0301,0.115,,0.0221,0.0226,,0.0887,0.12,0.137,,,,0.0306,,0.231,,,,,0.11,,,,,0.0113,,,,0.0162,1.16,,0.0793,,,,,,,,,,,,,,,,,,,0.0102,,,0.0117,,0.0214,3.59,,10,
23,,,,0.0211,,1.29,,0.0123,0.0429,0.0429,0.0976,,12.1,1.07,0.533,,,,,,0.00493,0.104,,8.99,1.27,,0.00475,10,0.0286,0.0267,,0.00888,0.0437,,,0.324,0.14,,,0.00734,,0.105,,0.924,,,,,0.115,,,,,0.0257,,,,,4.75,,0.0879,,0.0531,,,,0.0772,,,,,,,,,,,,,0.0241,,,0.014,,0.0185,11.8,0.015,10,0.184
24,,,,,,0.108,,,,,0.0773,,1.94,1.09,0.485,,,,,,,0.0869,,1.71,0.184,,,10,0.00942,0.0327,0.0335,0.00762,0.0145,,,0.0498,0.0298,0.0424,,,0.0028,0.0268,,0.126,,,,,0.0919,,0.114,,0.0134,0.0288,,,,,0.928,,0.0832,,,,,,,,,,,,,,,,,,,0.00606,,,0.0136,,0.0221,2.46,,10,0.151
25,,,,,,0.255,,,0.0101,0.013,0.0554,,2.87,1.08,0.486,,0.0106,,,,0.00744,0.0973,,3.26,0.334,,,10,0.00846,0.0253,0.0983,,0.0222,0.0217,,0.0931,0.0908,0.151,,,0.00171,0.047,,0.281,,,,,0.13,,0.166,,0.0202,0.0507,,0.0215,0.0166,,1.64,,0.0837,,0.0177,,,,0.0166,0.00268,,,,,,,,,,,,0.00771,,,0.0272,,0.0186,4.28,,10,0.155
26,,,,,,0.0569,,0.0182,,0.00522,0.0511,,1.48,0.836,0.358,,,,,,0.00688,0.1,,1.34,0.1,,,10,0.00856,0.0199,0.0125,0.00649,0.00774,,,0.0231,0.0154,0.00918,,,,0.0192,,0.0665,,,,,0.084,,0.217,,,0.0587,,,,,0.733,,0.0861,,,,,,,0.00376,,,,,,,,,,,,0.00632,,,0.0222,,0.0181,1.11,,10,0.183
27,,,,,,0.103,,0.0174,,0.00648,,,1.47,0.825,0.257,,,,,,,,,2.25,0.21,,,10,0.00256,0.0245,0.0517,0.0147,0.0184,0.00959,,0.0499,0.0711,0.0623,,,,0.0329,,0.176,,,,,0.0335,,0.0501,,,0.0135,,0.012,,0.0173,1.12,0.00602,0.0744,,,,,,,,,,,,,,,,,,,0.0122,,,0.0249,,0.0295,2.29,,10,
28,,,,,,0.122,,0.017,0.00411,,0.0278,,2.52,0.918,0.378,,,,,,0.00399,0.0576,,0.851,0.293,,,10,0.00542,0.031,0.0557,0.00623,0.0145,0.0133,,0.0408,0.0697,0.0684,,,,0.0423,,0.176,,,,,0.05,,0.0871,,0.00731,0.0231,,0.00625,0.00459,0.0157,0.499,0.0071,0.0809,,,,,,0.0082,,,,,,,,,,,,,0.00627,,,0.0331,,0.019,1.72,,10,0.113
30,,,,,,0.076,,,,0.00294,,,1.28,0.728,0.249,,,,,,,,,0.405,0.191,,,10,0.00312,0.00674,0.0435,,0.00505,0.011,,0.0269,0.049,0.0463,,,,0.0147,,0.106,,,,,,,0.0368,,,0.0102,,,,0.00637,0.21,,0.0693,,,,,,,,,,,,,,,,,,,,,,0.00707,,0.00696,1.11,,10,
