Name,1,3,4,6,7,8,9,10,12,13,14,15,16,17,18,19,20,21,22,23,24,25,26
2280 mz 204,0.125,0.195,0.394,0.57,,0.0952,,,,,,0.537,0.581,0.435,0.707,0.572,0.439,,,,0.119,,
2348 mz 230,,,0.0433,,,,,,,,,,,,,,,,,,,,
2882 mw 658,,0.0149,0.0437,0.102,,,,,,,,0.134,0.179,0.0365,,,,,,,,,
33.3989 min MOSS-10,74.1,70.7,113,137,,14.6,,,,,,37.5,51.7,39.6,24.7,55.2,20.3,,,,40.3,,
aC16:0,0.278,0.165,0.281,0.353,,0.0412,,,,,,0.484,0.481,0.38,0.586,0.484,0.501,,,,,,
aC18:0,0.0199,0.0487,0.0738,0.0985,,0.0236,,,,,,0.366,0.276,0.408,0.337,0.211,0.215,,,,,,
aC18:2,0.086,0.0553,0.105,,,,,,,,,0.144,0.164,0.122,0.167,0.167,0.186,,,,,,
aC20:4,,0.0373,,,,,,,,,,,,0.124,,,,,,,,,
aC24:0,,,,,,,,,,,,,,0.0094,0.0224,,0.0093,,,,,,
a-tocopherol,0.0341,0.0218,0.0677,,,,,,,,,,,,,,,,,,,,0.0351
campesterol,0.193,0.129,0.316,0.363,,,,,,,,0.731,0.738,0.356,0.884,0.592,0.717,,,,0.819,,
glucose (aP),0.29,0.448,1.18,1.16,,,,,,,,0.0946,0.0829,0.0612,,0.0672,0.0565,,,,0.0571,,
myo-inositol,0.0525,0.14,0.189,0.268,,0.0202,,,,,,,,,,,,,,,,,
"myo-inositol-1,2-cyclic phosphate",,,0.0545,0.098,,,,,,,,0.119,0.0935,0.0854,,0.0217,0.0132,,,,,,
nC23,10,10,10,10,10,10,10,10,10,10,10,10,10,10,10,10,10,10,10,10,10,10,10
phytol,,,0.00352,,,,,,,,,0.0599,0.0623,0.0416,0.0574,0.0461,0.0421,,0.00863,,0.0114,,
"RI=1231.0,  14.8216 min MOSS-4",0.873,0.214,0.364,1.1,,0.249,,,,,,1.12,1.44,0.92,0.627,0.953,0.599,,,,,,
"RI=1273.9,  15.3600 min MOSS-4",0.0123,0.0176,0.0737,0.124,,0.117,,,,,,,0.024,0.0196,,,,,,,,,
"RI=1280.9,  15.4473 min MOSS-4",,0.00818,0.0347,0.0446,,0.00701,,,,,,,,,,,,,,,,,
"RI=1320.4,  10.7388 min MOSS-2-22",,,,,,,,,,,,,,,,,,,0.237,,,,
"RI=1329.9,  10.9179 min MOSS-2-22",,,,,,,,,,,,,,,,,,,0.145,,,,
"RI=1335.1,  16.1273 min MOSS-4",,,,,,,,,,,,,,,,,0.00398,0.00404,,,,,
"RI=1343.5,  16.2334 min MOSS-4",,0.023,0.0308,0.0608,,,,,,,,0.0429,,0.0185,0.102,0.0351,0.0295,,,,,,
"RI=1358.2,  16.4180 min MOSS-4",0.435,0.814,0.857,1.87,,0.111,,,,,,1.11,1.35,1.31,0.83,1.45,0.729,,,,,,
"RI=1534.6,  14.8018 min MOSS-2-13",,,,,,,,,,0.181,,,,,,,,,,,,,
"RI=1657.5,  20.1735 min MOSS-4",0.0982,0.0695,0.118,0.138,,0.0237,,,,,,0.992,0.688,0.509,0.738,0.956,0.385,,,,,,
"RI=1705.8,  18.0509 min MOSS-2-20",,,,,,,,,,,,,,,,,0.432,,,,,,
"RI=1723.2,  20.9983 min MOSS-6",0.0959,0.0541,0.0819,0.132,,,0.103,0.122,0.0822,0.0952,0.65,0.316,0.303,0.207,0.361,0.276,0.352,0.209,0.359,0.266,0.333,0.139,0.213
"RI=1756.2,  21.4129 min MOSS-6",,0.0547,,,,,,,,,0.0629,0.0268,0.0252,0.0182,0.0353,0.0865,0.0355,,,,0.0188,,
"RI=1780.5,  21.7169 min MOSS-6",0.0384,0.0209,0.032,0.0574,,,0.0419,0.0503,0.0327,0.0399,0.243,0.107,0.0962,0.066,0.142,0.0998,0.13,0.0732,0.131,0.0866,0.116,0.0469,0.0776
"RI=1785.8,  21.7832 min MOSS-6",,,,,,,,,,,,,0.0643,,,,,,,,,,
"RI=1836.6,  22.4211 min MOSS-6",,,0.0205,,,,,,,,,,,,,,,,,,,,
"RI=1840.5,  22.4698 min MOSS-6",0.176,0.223,0.716,0.668,,,,,,,,0.104,0.0769,0.0521,0.0366,0.0624,0.0577,,,,,,
"RI=1964.8,  22.9650 min MOSS-2-14",,,,,,,,,,,0.119,,,,,,,,,,,,
"RI=1982.3,  23.2967 min MOSS-2-14",,,,,,,,,,,0.0999,,0.0313,,,0.0256,,,,0.071,,,
"RI=2019.7,  23.9423 min MOSS-2-14",,,0.00644,,,,,,,,0.0396,,0.0202,,,,,0.027,,0.0178,,,
"RI=2129.2,  25.6415 min MOSS-2-14",,,,,,,,,,,0.0371,0.0317,,,,,0.0403,0.0374,,0.0415,,,
"RI=2156.0,  26.0428 min MOSS-2-14",,,,,,,,,,,0.0256,,,,,,,,,,,,
"RI=2158.2,  26.0770 min MOSS-2-23",,,,,,,,,,,,,,,,,,,0.0625,0.0371,,,
"RI=2287.4,  27.9586 min MOSS-2-23",,,,,,,,,,,,,,,,,,,,0.761,,,
"RI=2401.7,  29.5064 min MOSS-2-13",0.0518,0.0522,0.0537,0.0535,0.0443,0.0457,0.0479,0.049,0.0489,0.0482,,0.0349,0.0347,0.038,0.0493,0.0342,0.0314,0.0396,0.0732,0.0407,0.0416,0.039,0.037
"RI=2470.9,  30.3820 min MOSS-4",,,0.035,0.0415,,,,,,,,0.0241,,0.0556,,,,,,,,,
"RI=2504.1,  30.8784 min MOSS-2-14",,,,,,,0.0104,,,,0.206,,,,,,,0.22,0.289,0.182,,0.0846,0.0672
"RI=2554.7,  31.4333 min MOSS-4",,,,,,,,,,,,,,,,,,0.0218,,,,,
"RI=2582.5,  31.8711 min MOSS-2-19",,,,,,,,,,,,23.4,23.2,,12.5,7.58,4.16,,,,1.42,,
"RI=2582.8,  31.8756 min MOSS-2-19",,,,0.0118,,,,,,,,85.9,80.3,34.7,48.1,38.7,44.8,,,,29.1,,0.131
"RI=2648.8,  32.6892 min MOSS-2-19",,,,,,,,,,,,66.7,73.9,,43.4,32.9,31.6,,,,,,
"RI=2650.0,  32.7036 min MOSS-2-19",,0.122,0.183,1.05,,,,,,,,81.3,103,35,51.6,40.5,50,,,,41,,0.215
"RI=2705.4,  33.3769 min MOSS-2-19",22.4,,9.23,5.3,,,,,,,,14.4,8.05,,9.47,7.44,8.96,,,,11.1,,
"RI=2705.9,  33.3835 min MOSS-2-19",,,48,,,,,,,,,,11.3,,,11.7,,,,,,,
"RI=2706.5,  33.3901 min MOSS-2-19",49.5,,75.9,99.1,,,,,,,,,34.1,,,38.1,,,,,,,
"RI=2706.9,  33.3946 min MOSS-2-19",,,,,,,,,,,,,,,,27.3,,,,,,,
"RI=2707.1,  33.3968 min MOSS-2-19",,,,,,,,,,,,,,,,13.2,,,,,,,
"RI=2707.4,  33.4012 min MOSS-2-19",,,,,,,,,,,,,,,,5.61,,,,,,,
"RI=2707.6,  33.4034 min MOSS-2-19",,,,,,,,,,,,,,,,1.11,,,,,,,
"RI=2969.9,  36.3176 min MOSS-2-20",,0.295,1.18,1.75,,0.0465,,,,,,0.644,0.496,0.52,0.0707,0.115,0.611,,,,,,
"RI=3133.8,  38.1274 min MOSS-2-14",,,,,,,,,,,0.134,,,,,,0.00625,0.0429,0.0244,,,0.0223,0.0266
"RI=3134.3,  38.1329 min MOSS-2-14",,,,,,,,,,,0.0934,,,,,,,,,,,,
"RI=3272.1,  39.5325 min MOSS-2-14",,,,,,,,,,,0.569,,,,,,,,0.653,,,,
"RI=697.3,   8.1231 min MOSS-2-23",0.0109,,0.00824,0.0097,0.0134,,0.0171,,,,,0.0121,0.0169,0.0113,0.0137,,,0.0444,0.15,0.132,0.0138,0.00976,0.019
"RI=767.1,   8.9987 min MOSS-2-23",,,,,,,,,,,0.0113,,,,,,0.00588,0.0257,0.418,0.0344,,,
"RI=811.9,   9.5615 min MOSS-4",0.0136,0.0177,0.0304,0.031,,,,,,,,0.0716,0.0914,0.0703,0.116,0.0791,0.064,,,,,,0.00828
"RI=858.4,  10.1452 min MOSS-2-23",,,,,,,,,,,,,,,,,,0.00765,0.0201,0.00955,,,
"RI=868.1,  10.2668 min MOSS-2-23",,,,,,,,,,,0.0301,,,,,,,0.0172,0.0703,0.0316,0.0239,,0.0865
"RI=874.6,  10.3487 min MOSS-2-15",0.785,,0.898,1.37,,0.0945,,,,,,6.63,4.93,2.94,4.07,3.8,4.99,,,,0.164,,
S 2810,,0.0321,0.0471,0.0547,,,,,,,,,,,,,,,,,,,
STD nC23,10,10,10,10,10,10,10,10,10,10,10,10,10,10,10,10,10,10,10,10,10,10,10
stigmasterol,0.315,0.188,0.524,0.57,,,,,,,,1.29,1.35,,1.48,1.03,1.27,,,,1.16,,
